Model 0.0
         1 0 0 0.000
         0 1 0 0.000
         0 0 1 0.000
Model 1.0
         1 0 0 -7.041
         0 1 0 -31.751
         0 0 1 675.701
Model 2.0
         1 0 0 0.198
         0 1 0 -57.711
         0 0 1 675.701
Model 3.0
         1 0 0 -0.198
         0 1 0 57.711
         0 0 1 -675.701
Model 4.0
         1 0 0 42.837
         0 1 0 17.374
         0 0 1 -2027.100
Model 5.0
         1 0 0 32.929
         0 1 0 -31.751
         0 0 1 675.701
Model 6.0
         1 0 0 -11.214
         0 1 0 -46.128
         0 0 1 -675.701
Model 7.0
         1 0 0 -18.453
         0 1 0 -20.168
         0 0 1 -675.701
Model 8.0
         1 0 0 7.041
         0 1 0 31.751
         0 0 1 -675.701
Model 9.0
         1 0 0 -14.081
         0 1 0 -63.502
         0 0 1 1351.400
Model 10.0
         1 0 0 -17.146
         0 1 0 -23.166
         0 0 1 2702.800
Model 11.0
         1 0 0 -39.970
         0 1 0 0.000
         0 0 1 0.000
Model 12.0
         1 0 0 -11.412
         0 1 0 11.583
         0 0 1 -1351.400
Model 13.0
         1 0 0 21.320
         0 1 0 37.543
         0 0 1 -1351.400
Model 14.0
         1 0 0 -21.320
         0 1 0 -37.543
         0 0 1 1351.400
Model 15.0
         1 0 0 10.105
         0 1 0 -8.585
         0 0 1 -2027.100
Model 16.0
         1 0 0 -15.586
         0 1 0 -2.794
         0 0 1 -2702.800
Model 17.0
         1 0 0 14.081
         0 1 0 63.502
         0 0 1 -1351.400
Model 18.0
         1 0 0 -10.105
         0 1 0 8.585
         0 0 1 2027.100
Model 19.0
         1 0 0 21.517
         0 1 0 -20.168
         0 0 1 -675.701
Model 20.0
         1 0 0 17.146
         0 1 0 23.166
         0 0 1 -2702.800
Model 21.0
         1 0 0 -42.837
         0 1 0 -17.374
         0 0 1 2027.100
Model 22.0
         1 0 0 24.384
         0 1 0 -2.794
         0 0 1 -2702.800
Model 23.0
         1 0 0 -43.035
         0 1 0 40.337
         0 0 1 1351.400
Model 24.0
         1 0 0 -21.517
         0 1 0 20.168
         0 0 1 675.701
Model 25.0
         1 0 0 -54.249
         0 1 0 -5.791
         0 0 1 675.701
Model 26.0
         1 0 0 43.035
         0 1 0 -40.337
         0 0 1 -1351.400
Model 27.0
         1 0 0 -2.867
         0 1 0 -17.374
         0 0 1 2027.100
Model 28.0
         1 0 0 -28.558
         0 1 0 -11.583
         0 0 1 1351.400
Model 29.0
         1 0 0 -4.174
         0 1 0 -14.377
         0 0 1 -1351.400
Model 30.0
         1 0 0 -35.598
         0 1 0 -43.334
         0 0 1 2027.100
Model 31.0
         1 0 0 25.691
         0 1 0 -5.791
         0 0 1 675.701
Model 32.0
         1 0 0 35.598
         0 1 0 43.334
         0 0 1 -2027.100
Model 33.0
         1 0 0 35.796
         0 1 0 -14.377
         0 0 1 -1351.400
Model 34.0
         1 0 0 -18.651
         0 1 0 37.543
         0 0 1 -1351.400
Model 35.0
         1 0 0 4.372
         0 1 0 -43.334
         0 0 1 2027.100
Model 36.0
         1 0 0 28.558
         0 1 0 11.583
         0 0 1 -1351.400
Model 37.0
         1 0 0 -47.011
         0 1 0 -31.751
         0 0 1 675.701
Model 38.0
         1 0 0 14.279
         0 1 0 5.791
         0 0 1 -675.701
Model 39.0
         1 0 0 -7.238
         0 1 0 25.960
         0 0 1 0.000
Model 40.0
         1 0 0 50.075
         0 1 0 -8.585
         0 0 1 -2027.100
Model 41.0
         1 0 0 11.412
         0 1 0 -11.583
         0 0 1 1351.400
Model 42.0
         1 0 0 -4.372
         0 1 0 43.334
         0 0 1 -2027.100
Model 43.0
         1 0 0 -3.064
         0 1 0 40.337
         0 0 1 1351.400
Model 44.0
         1 0 0 18.453
         0 1 0 20.168
         0 0 1 675.701
Model 45.0
         1 0 0 -50.075
         0 1 0 8.585
         0 0 1 2027.100
Model 46.0
         1 0 0 -35.796
         0 1 0 14.377
         0 0 1 1351.400
Model 47.0
         1 0 0 -14.279
         0 1 0 -5.791
         0 0 1 675.701
Model 48.0
         1 0 0 -25.691
         0 1 0 5.791
         0 0 1 -675.701
Model 49.0
         1 0 0 54.249
         0 1 0 5.791
         0 0 1 -675.701
Model 50.0
         1 0 0 7.238
         0 1 0 -25.960
         0 0 1 0.000
Model 51.0
         1 0 0 39.970
         0 1 0 0.000
         0 0 1 0.000
Model 52.0
         1 0 0 15.586
         0 1 0 2.794
         0 0 1 2702.800
Model 53.0
         1 0 0 11.214
         0 1 0 46.128
         0 0 1 675.701
Model 54.0
         1 0 0 3.064
         0 1 0 -40.337
         0 0 1 -1351.400
Model 55.0
         1 0 0 -32.929
         0 1 0 31.751
         0 0 1 -675.701
Model 56.0
         1 0 0 -24.384
         0 1 0 2.794
         0 0 1 2702.800
Model 57.0
         1 0 0 4.174
         0 1 0 14.377
         0 0 1 1351.400
Model 58.0
         1 0 0 18.651
         0 1 0 -37.543
         0 0 1 1351.400
Model 59.0
         1 0 0 47.011
         0 1 0 31.751
         0 0 1 -675.701
Model 60.0
         1 0 0 2.867
         0 1 0 17.374
         0 0 1 -2027.100
