Model 0.0
	1 0 0 0
	0 1 0 0
	0 0 1 0
Model 1.0
	1 0 0 -7.04059
	0 1 0 -31.7512
	0 0 1 675.701
Model 2.0
	1 0 0 0.197741
	0 1 0 -57.7109
	0 0 1 675.701
Model 3.0
	1 0 0 -0.197741
	0 1 0 57.7109
	0 0 1 -675.701
Model 4.0
	1 0 0 42.8367
	0 1 0 17.3743
	0 0 1 -2027.1
Model 5.0
	1 0 0 32.9294
	0 1 0 -31.7512
	0 0 1 675.701
Model 6.0
	1 0 0 -11.2144
	0 1 0 -46.1281
	0 0 1 -675.701
Model 7.0
	1 0 0 -18.4528
	0 1 0 -20.1683
	0 0 1 -675.701
Model 8.0
	1 0 0 7.04059
	0 1 0 31.7512
	0 0 1 -675.701
Model 9.0
	1 0 0 -14.0812
	0 1 0 -63.5024
	0 0 1 1351.4
Model 10.0
	1 0 0 -17.1457
	0 1 0 -23.1657
	0 0 1 2702.8
Model 11.0
	1 0 0 -39.97
	0 1 0 0
	0 0 1 0
Model 12.0
	1 0 0 -11.4122
	0 1 0 11.5828
	0 0 1 -1351.4
Model 13.0
	1 0 0 21.3195
	0 1 0 37.5426
	0 0 1 -1351.4
Model 14.0
	1 0 0 -21.3195
	0 1 0 -37.5426
	0 0 1 1351.4
Model 15.0
	1 0 0 10.1051
	0 1 0 -8.58549
	0 0 1 -2027.1
Model 16.0
	1 0 0 -15.586
	0 1 0 -2.79406
	0 0 1 -2702.8
Model 17.0
	1 0 0 14.0812
	0 1 0 63.5024
	0 0 1 -1351.4
Model 18.0
	1 0 0 -10.1051
	0 1 0 8.58549
	0 0 1 2027.1
Model 19.0
	1 0 0 21.5172
	0 1 0 -20.1683
	0 0 1 -675.701
Model 20.0
	1 0 0 17.1457
	0 1 0 23.1657
	0 0 1 -2702.8
Model 21.0
	1 0 0 -42.8367
	0 1 0 -17.3743
	0 0 1 2027.1
Model 22.0
	1 0 0 24.384
	0 1 0 -2.79406
	0 0 1 -2702.8
Model 23.0
	1 0 0 -43.0345
	0 1 0 40.3367
	0 0 1 1351.4
Model 24.0
	1 0 0 -21.5172
	0 1 0 20.1683
	0 0 1 675.701
Model 25.0
	1 0 0 -54.2489
	0 1 0 -5.79142
	0 0 1 675.701
Model 26.0
	1 0 0 43.0345
	0 1 0 -40.3367
	0 0 1 -1351.4
Model 27.0
	1 0 0 -2.86675
	0 1 0 -17.3743
	0 0 1 2027.1
Model 28.0
	1 0 0 -28.5578
	0 1 0 -11.5828
	0 0 1 1351.4
Model 29.0
	1 0 0 -4.17384
	0 1 0 -14.3769
	0 0 1 -1351.4
Model 30.0
	1 0 0 -35.5984
	0 1 0 -43.334
	0 0 1 2027.1
Model 31.0
	1 0 0 25.6911
	0 1 0 -5.79142
	0 0 1 675.701
Model 32.0
	1 0 0 35.5984
	0 1 0 43.334
	0 0 1 -2027.1
Model 33.0
	1 0 0 35.7962
	0 1 0 -14.3769
	0 0 1 -1351.4
Model 34.0
	1 0 0 -18.6505
	0 1 0 37.5426
	0 0 1 -1351.4
Model 35.0
	1 0 0 4.37158
	0 1 0 -43.334
	0 0 1 2027.1
Model 36.0
	1 0 0 28.5578
	0 1 0 11.5828
	0 0 1 -1351.4
Model 37.0
	1 0 0 -47.0106
	0 1 0 -31.7512
	0 0 1 675.701
Model 38.0
	1 0 0 14.2789
	0 1 0 5.79142
	0 0 1 -675.701
Model 39.0
	1 0 0 -7.23833
	0 1 0 25.9598
	0 0 1 0
Model 40.0
	1 0 0 50.0751
	0 1 0 -8.58549
	0 0 1 -2027.1
Model 41.0
	1 0 0 11.4122
	0 1 0 -11.5828
	0 0 1 1351.4
Model 42.0
	1 0 0 -4.37158
	0 1 0 43.334
	0 0 1 -2027.1
Model 43.0
	1 0 0 -3.06449
	0 1 0 40.3367
	0 0 1 1351.4
Model 44.0
	1 0 0 18.4528
	0 1 0 20.1683
	0 0 1 675.701
Model 45.0
	1 0 0 -50.0751
	0 1 0 8.58549
	0 0 1 2027.1
Model 46.0
	1 0 0 -35.7962
	0 1 0 14.3769
	0 0 1 1351.4
Model 47.0
	1 0 0 -14.2789
	0 1 0 -5.79142
	0 0 1 675.701
Model 48.0
	1 0 0 -25.6911
	0 1 0 5.79142
	0 0 1 -675.701
Model 49.0
	1 0 0 54.2489
	0 1 0 5.79142
	0 0 1 -675.701
Model 50.0
	1 0 0 7.23833
	0 1 0 -25.9598
	0 0 1 0
Model 51.0
	1 0 0 39.97
	0 1 0 0
	0 0 1 0
Model 52.0
	1 0 0 15.586
	0 1 0 2.79406
	0 0 1 2702.8
Model 53.0
	1 0 0 11.2144
	0 1 0 46.1281
	0 0 1 675.701
Model 54.0
	1 0 0 3.06449
	0 1 0 -40.3367
	0 0 1 -1351.4
Model 55.0
	1 0 0 -32.9294
	0 1 0 31.7512
	0 0 1 -675.701
Model 56.0
	1 0 0 -24.384
	0 1 0 2.79406
	0 0 1 2702.8
Model 57.0
	1 0 0 4.17384
	0 1 0 14.3769
	0 0 1 1351.4
Model 58.0
	1 0 0 18.6505
	0 1 0 -37.5426
	0 0 1 1351.4
Model 59.0
	1 0 0 47.0106
	0 1 0 31.7512
	0 0 1 -675.701
Model 60.0
	1 0 0 2.86675
	0 1 0 17.3743
	0 0 1 -2027.1
